# generated by Slic3r 1.2.9 on Mon Oct 31 11:09:25 2016
bed_shape = 84.5344x8.88492,83.1425x17.6725,80.8398x26.2664,77.6514x34.5726,73.6122x42.5,68.7664x49.9617,63.1673x56.8761,56.8761x63.1673,49.9617x68.7664,42.5x73.6122,34.5726x77.6514,26.2664x80.8398,17.6725x83.1425,8.88492x84.5344,0x85,-8.88492x84.5344,-17.6725x83.1425,-26.2664x80.8398,-34.5726x77.6514,-42.5x73.6122,-49.9617x68.7664,-56.8761x63.1673,-63.1673x56.8761,-68.7664x49.9617,-73.6122x42.5,-77.6514x34.5726,-80.8398x26.2664,-83.1425x17.6725,-84.5344x8.88492,-85x0,-84.5344x-8.88492,-83.1425x-17.6725,-80.8398x-26.2664,-77.6514x-34.5726,-73.6122x-42.5,-68.7664x-49.9617,-63.1673x-56.8761,-56.8761x-63.1673,-49.9617x-68.7664,-42.5x-73.6122,-34.5726x-77.6514,-26.2664x-80.8398,-17.6725x-83.1425,-8.88492x-84.5344,0x-85,8.88492x-84.5344,17.6725x-83.1425,26.2664x-80.8398,34.5726x-77.6514,42.5x-73.6122,49.9617x-68.7664,56.8761x-63.1673,63.1673x-56.8761,68.7664x-49.9617,73.6122x-42.5,77.6514x-34.5726,80.8398x-26.2664,83.1425x-17.6725,84.5344x-8.88492,85x0
before_layer_gcode = 
end_gcode = ; M104 S0 ; turn off temperature\nG28 X0  ; home X axis\nM84     ; disable motors\n
extruder_offset = 0x0
gcode_flavor = reprap
layer_gcode = 
nozzle_diameter = 0.4
octoprint_apikey = 
octoprint_host = 
pressure_advance = 0
retract_before_travel = 2
retract_layer_change = 0
retract_length = 2
retract_length_toolchange = 10
retract_lift = 1.5
retract_restart_extra = 0
retract_restart_extra_toolchange = 0
retract_speed = 40
start_gcode = G28 ; home all axes\nG1 Z5 F5000 ; lift nozzle\n
toolchange_gcode = 
use_firmware_retraction = 0
use_relative_e_distances = 0
use_volumetric_e = 0
vibration_limit = 0
wipe = 0
z_offset = 0
